ID,Name,JName,LV,HP,SP,EXP,JEXP,Range1,ATK1,ATK2,DEF,MDEF,STR,AGI,VIT,INT,DEX,LUK,Range2,Range3,Scale,Race,Element,Mode,Speed,ADelay,aMotion,dMotion,Drop1id,Drop1per,Drop2id,Drop2per,Drop3id,Drop3per,Drop4id,Drop4per,Drop5id,Drop5per,Drop6id,Drop6per,Drop7id,Drop7per,Drop8id,Drop8per,Item1,Item2,MEXP,ExpPer,MVP1id,MVP1per,MVP2id,MVP2per,MVP3id,MVP3per
1001,SCORPION,スコーピオン,24,1056,0,261,160,1,143,171,35,8,1,24,24,1,52,24,10,10,0,4,23,17,200,1564,864,576,990,70,904,5500,757,10,943,210,511,600,508,200,625,20,4068,1,0,0,,,,,,,,
1002,PORING,ポリン,1,50,0,2,1,1,7,10,0,0,1,1,1,1,6,2,10,10,1,3,21,3,400,1872,672,480,909,7000,1202,70,938,400,512,1000,713,1500,741,5,619,20,4001,20,0,0,,,,,,,,
1003,THIEF_BUG_AGG,,,,,,,,,,,,,,,,,,,,,,,,,,,,,,,,,,,,,,,,,,,,,,,,,,,,,
1004,HORNET,ホーネット,8,175,0,17,14,1,22,27,2,2,1,20,8,1,17,8,10,10,0,4,24,9,150,1292,792,216,992,50,939,5500,909,3500,1208,70,511,350,518,100,512,0,4019,10,0,0,,,,,,,,
1005,FARMILIAR,ファミリア,8,150,0,26,14,1,23,29,3,3,1,12,8,1,28,4,10,10,0,2,27,5,150,1276,576,384,913,5500,1105,70,2209,30,601,50,514,100,507,700,512,0,4020,1,0,0,,,,,,,,
1006,THIEF_BUG_LARVA,,,,,,,,,,,,,,,,,,,,,,,,,,,,,,,,,,,,,,,,,,,,,,,,,,,,,
1007,FABRE,ファブル,2,63,0,3,2,1,8,11,0,0,1,2,4,1,7,2,10,10,0,4,22,1,400,1672,672,480,914,6500,949,500,1502,60,721,5,511,700,705,1000,1501,100,4002,15,0,0,,,,,,,,
1008,PUPA,プパ,2,450,0,2,4,0,1,2,15,0,1,1,1,1,1,1,10,10,0,4,22,0,1000,1001,1,1,1010,80,915,5500,938,600,2102,20,935,1000,938,600,1002,200,4003,7,0,0,,,,,,,,
1009,CONDOR,コンドル,5,90,0,6,5,1,11,14,2,2,1,13,5,1,13,5,10,10,1,2,24,9,150,1148,648,480,917,6500,1702,70,715,80,1750,5500,517,400,916,2000,512,0,4015,2,0,0,,,,,,,,
1010,WILOW,ウィロー,4,100,0,5,4,1,9,12,0,30,1,4,8,1,9,4,10,10,1,3,22,1,200,1672,672,432,902,6500,1019,100,507,600,516,700,1068,3500,1067,2000,1066,1000,4010,7,0,0,,,,,,,,
1011,CHONCHON,チョンチョン,4,75,0,5,4,1,10,13,0,0,1,10,4,1,12,4,10,10,0,4,24,1,200,1076,576,480,998,50,935,6500,909,1500,1205,70,601,100,742,5,1002,150,4009,5,0,0,,,,,,,,
1012,RODA_FROG,ロッダフロッグ,5,130,0,6,5,1,11,14,2,3,1,5,5,1,10,7,10,10,1,5,21,1,200,2016,816,288,918,5500,908,500,511,300,721,7,713,2000,512,0,512,0,4014,5,0,0,,,,,,,,
1013,WOLF,ウルフ,12,375,0,45,32,1,37,46,8,4,1,12,24,1,30,12,10,10,1,2,22,9,200,1054,54,432,1011,20,920,5500,2308,40,517,650,528,1050,919,5500,512,0,4029,5,0,0,,,,,,,,
1014,SPORE,スポア,9,320,0,20,16,1,24,29,2,3,1,9,9,1,14,12,10,10,1,3,21,1,200,1872,672,288,921,5000,507,800,510,50,743,5,2220,40,512,0,512,0,4022,5,0,0,,,,,,,,
1015,ZOMBIE,ゾンビ,15,518,0,50,33,1,67,79,3,6,1,8,7,1,15,0,10,10,1,1,29,5,400,2612,912,288,957,5500,724,5,938,1000,958,50,512,0,512,0,512,0,4038,1,0,0,,,,,,,,
1016,ARCHER_SKELETON,アーチャースケルトン,31,2867,0,440,278,9,149,173,6,12,1,8,31,1,125,0,10,10,1,1,29,5,300,2864,864,576,932,4500,756,5,2285,2,1711,25,1752,1000,501,800,1704,60,4094,1,0,0,,,,,,,,
1017,THIEF_BUG_FEMALE,,,,,,,,,,,,,,,,,,,,,,,,,,,,,,,,,,,,,,,,,,,,,,,,,,,,,
1018,CREAMY,クリーミー,16,561,0,96,64,1,53,64,6,30,1,40,16,1,16,24,10,10,0,4,24,1,150,1220,720,840,924,5500,2322,60,518,150,602,100,2207,2,712,500,512,0,4040,3,0,0,,,,,,,,
1019,PECOPECO,ペコペコ,13,510,0,85,36,1,35,46,4,4,1,13,13,1,27,13,10,10,2,2,23,9,200,1564,864,576,925,5500,2402,30,508,50,507,900,1604,100,512,0,512,0,4031,3,0,0,,,,,,,,
1020,MANDRAGORA,マンドラゴラ,12,375,0,45,32,4,26,35,8,4,1,12,24,1,36,12,10,10,1,3,62,4,1000,1768,768,576,993,50,905,5500,1405,70,511,350,711,300,706,1,512,0,4030,1,0,0,,,,,,,,
1021,THIEF_BUG_MALE,,,,,,,,,,,,,,,,,,,,,,,,,,,,,,,,,,,,,,,,,,,,,,,,,,,,,
1022,WERE_WOLF,ウェアウルフ,80,28600,0,11813,7289,1,2560,3280,65,35,1,97,60,1,135,52,10,10,2,0,40,53,200,1500,768,652,999,500,1034,4000,984,500,985,500,7017,800,714,380,1912,300,4091,50,0,0,,,,,,,,
1023,ORK_WARRIOR,オークウォリアー,24,1320,0,261,160,1,114,136,16,8,1,24,48,1,34,24,10,10,1,7,22,5,200,1864,864,288,998,210,931,5500,757,10,2267,3,1352,40,1304,5,1354,70,4066,1,0,0,,,,,,,,
1024,WORM_TAIL,ワームテール,14,413,0,59,40,2,42,51,8,4,1,14,28,1,46,14,10,10,1,3,22,17,200,1048,48,192,993,60,1011,25,906,5500,1408,70,508,70,721,5,10015,10,4034,5,0,0,,,,,,,,
1025,SNAKE,スネーク,15,420,0,66,44,1,46,55,12,6,1,15,15,1,35,15,10,10,1,2,22,1,200,1576,576,576,926,5500,1117,60,507,900,1011,35,512,0,512,0,512,0,4037,1,0,0,,,,,,,,
1026,MUNAK,ムナック,30,2709,0,361,218,1,252,298,6,12,1,15,30,1,46,0,10,10,1,1,29,5,200,2468,768,288,901,5500,2264,2,2404,20,609,20,2337,1,2305,50,1558,10,4090,3,0,0,,,,,,,,
1027,RAPTICE,,,,,,,,,,,,,,,,,,,,,,,,,,,,,,,,,,,,,,,,,,,,,,,,,,,,,
1028,SOLDIER_SKELETON,ソルジャースケルトン,29,2457,0,338,206,1,231,255,5,10,1,15,29,1,40,0,10,10,1,1,29,5,200,2276,576,432,932,5500,757,15,1214,30,501,700,934,10,1201,150,512,0,4086,1,0,0,,,,,,,,
1029,ISIS,イシス,43,4440,0,2178,903,1,443,527,30,24,1,65,43,1,72,22,10,10,2,6,27,29,200,1468,768,336,936,5500,2233,20,2603,1,733,150,732,20,954,1000,731,5,4116,1,0,0,,,,,,,,
1030,ANACONDAQ,アナコンダーク,23,1026,0,300,149,1,164,197,8,8,1,23,23,1,36,23,10,10,1,2,25,17,200,1576,576,576,1011,50,937,5500,1455,30,926,1500,936,200,508,150,512,0,4062,1,0,0,,,,,,,,
1031,POPORING,ポポリン,14,330,0,74,40,1,59,72,4,4,1,14,14,1,19,14,10,10,1,3,25,3,300,1672,672,480,938,5500,910,1500,511,500,514,200,729,5,512,0,512,0,4033,5,0,0,,,,,,,,
1032,VERIT,ベリット,38,4927,0,759,470,1,419,499,7,14,1,19,38,1,38,0,10,10,1,1,29,3,250,2468,768,480,929,5500,912,700,930,1100,509,550,2215,2,2612,200,639,20,4107,1,0,0,,,,,,,,
1033,ELDER_WILOW,エルダーウィロー,20,708,0,148,92,1,74,86,8,8,1,20,20,1,38,20,10,10,1,3,43,1,200,1372,672,432,990,50,907,5500,1019,350,757,5,2329,45,516,1000,604,100,4052,1,0,0,,,,,,,,
1034,THARA_FROG,タラフロッグ,22,1992,0,219,138,1,105,127,8,12,1,22,22,1,34,28,10,10,1,5,41,1,200,2016,816,288,1011,45,908,5500,911,600,509,30,725,5,918,2000,512,0,4058,1,0,0,,,,,,,,
1035,HUNTER_FLY,ハンターフライ,42,4368,0,1379,866,1,346,413,45,16,1,105,42,1,72,42,10,10,0,4,44,5,150,1076,576,480,996,30,999,100,943,5500,912,1300,984,2,2259,1,1226,10,4115,1,0,0,,,,,,,,
1036,GHOUL,グール,39,5017,0,802,492,1,430,510,7,14,1,20,39,1,33,0,10,10,1,1,49,5,250,2612,912,504,958,5500,756,10,509,670,506,800,2609,60,934,150,1260,0,4110,2,0,0,,,,,,,,
1037,SIDE_WINDER,サイドワインダー,43,4440,0,1815,903,1,258,300,16,16,1,43,43,1,115,43,10,10,1,2,25,29,200,1576,576,576,954,5500,912,1400,984,2,1120,10,937,2500,926,5000,509,1000,4117,1,0,0,,,,,,,,
1038,OSIRIS,オシリス,62,30670,0,15420,6600,1,320,2000,24,45,1,85,62,1,128,0,10,10,1,1,89,53,100,1072,672,384,934,2000,930,8000,608,500,751,50,1009,100,985,500,984,700,4144,1,0,0,7710,0,2235,1000,714,500,2614,100
1039,BAPHOMET,バフォメット,66,17500,0,26000,6800,2,1750,2070,50,40,1,152,66,1,117,33,10,10,2,6,67,53,100,1068,768,576,923,5500,607,200,1466,50,750,50,919,10000,984,1000,512,0,4147,1,0,0,13000,0,2256,1000,714,500,1413,100
1040,GOLEM,ゴーレム,25,3250,0,423,86,1,190,198,60,10,1,25,25,1,20,25,10,10,2,0,60,17,300,1816,816,396,999,150,953,5500,911,1200,757,15,1003,120,715,200,512,0,4072,3,0,0,,,,,,,,
1041,MUMMY,マミー,37,4837,0,717,448,1,328,383,7,14,1,19,37,1,75,0,10,10,1,1,49,5,300,1772,72,384,930,5500,756,10,934,100,2604,1,2611,10,512,0,512,0,4106,1,0,0,,,,,,,,
1042,STEEL_CHONCHON,スティールチョンチョン,17,583,0,109,71,1,54,65,6,6,1,43,17,1,33,17,10,10,0,4,24,11,150,1076,576,480,992,70,999,30,910,2400,935,3500,943,30,998,200,1002,400,4042,1,0,0,,,,,,,,
1043,SEAHORES,シーホース,18,1372,0,122,78,3,100,150,15,7,20,1,1,1,1,1,10,10,0,5,22,1,200,1500,800,600,512,0,512,0,512,0,512,0,512,0,512,0,512,0,512,0,,,,,,,,,,
1044,OBEAUNE,オボンヌ,31,3528,0,586,370,1,141,165,12,36,1,31,31,1,74,39,10,10,1,5,41,29,200,1872,672,288,995,35,950,5500,5014,2,2326,20,720,5,951,500,512,0,4093,2,0,0,,,,,,,,
1045,MARC,マルク,36,6330,0,898,568,1,265,318,14,21,1,36,36,1,56,45,10,10,1,5,41,5,150,1272,72,480,995,40,956,5500,985,4,951,1000,720,10,717,200,509,600,4105,1,0,0,,,,,,,,
1046,DOPPELGANGER,ドッペルゲンガー,60,12000,0,10680,3872,1,1250,1433,85,50,1,90,60,1,165,30,10,10,1,6,67,53,100,480,480,288,2258,70,2317,50,1162,50,505,500,724,200,603,100,723,500,4142,1,0,0,5340,0,1168,100,2615,100,756,3000
1047,PECOPECO_EGG,ペコペコの卵,3,300,0,4,4,0,1,2,60,0,1,1,1,1,1,1,10,10,0,0,60,0,1000,1001,1,1,1010,250,935,1500,2102,20,501,400,501,400,713,1800,736,10,4007,2,0,0,,,,,,,,
1048,THIEF_BUG_EGG,盗蟲の卵,4,60,0,8,4,0,13,17,0,0,1,6,4,1,14,2,10,10,0,4,27,0,1000,701,1,1,1010,300,915,5000,2102,20,938,600,716,100,737,10,1002,250,4012,7,0,0,,,,,,,,
1049,PICKY,ピッキ,3,80,0,4,3,1,9,12,0,0,1,3,3,1,10,3,10,10,0,2,23,1,200,988,288,168,916,6500,949,700,2302,70,507,550,519,300,715,50,512,0,4008,10,0,0,,,,,,,,
1050,PICKY_,すごいピッキ,4,75,0,5,4,1,8,11,30,0,1,3,3,1,11,3,10,10,0,2,23,1,200,988,288,168,916,6500,949,700,5015,10,507,600,519,300,715,50,10012,10,4011,10,0,0,,,,,,,,
1051,THIEF_BUG,盗蟲,6,130,0,17,5,1,18,24,2,2,1,6,6,1,11,6,10,10,0,0,60,11,150,1288,288,768,955,2500,2304,70,507,350,909,2000,2303,100,1002,250,512,0,4016,10,0,0,,,,,,,,
1052,ROCKER,ロッカ,9,200,0,20,16,1,24,29,4,2,1,9,18,1,14,9,10,10,1,4,22,1,200,1864,864,540,940,5000,909,5500,2298,4,1402,70,520,10,752,5,512,0,4021,10,0,0,,,,,,,,
1053,THIEF_BUG_,雌盗蟲,10,170,0,35,18,1,33,40,5,6,1,15,10,1,23,5,10,10,1,4,27,11,200,988,288,768,955,3500,910,250,1108,70,928,200,507,400,716,50,1002,300,4026,7,0,0,,,,,,,,
1054,THIEF_BUG__,雄盗蟲,19,627,0,203,85,1,76,88,8,9,1,29,19,1,36,10,10,10,1,4,27,13,300,988,288,768,1011,40,928,5500,955,1500,1152,30,508,90,729,5,512,0,4050,1,0,0,,,,,,,,
1055,MUKA,ムカー,15,532,0,66,44,1,43,52,12,6,1,15,30,1,20,15,10,10,2,3,22,1,300,1960,960,384,993,70,952,5500,713,2000,511,400,507,1000,1451,50,1002,250,4036,2,0,0,,,,,,,,
1056,SMOKIE,スモーキー,18,572,0,122,78,1,61,72,12,6,1,18,36,1,26,18,10,10,0,2,22,17,200,1576,576,420,945,5500,919,5500,516,800,2213,1,754,2,512,0,512,0,4044,1,0,0,,,,,,,,
1057,YOYO,ヨーヨー,19,784,0,135,85,1,71,82,12,6,1,24,30,1,32,19,10,10,0,2,22,11,200,1054,54,384,942,5500,513,1500,508,100,919,5000,753,5,512,0,512,0,4051,1,0,0,,,,,,,,
1058,METALLER,メタルラ,22,996,0,219,138,1,131,159,8,8,1,22,22,1,49,22,10,10,1,4,23,11,200,1708,1008,540,990,60,940,6500,911,400,757,10,707,20,935,3000,512,0,4057,1,0,0,,,,,,,,
1059,MISTRESS,ミストレス,52,13500,0,2569,1632,1,890,1062,60,70,1,155,30,1,89,52,10,10,0,4,84,53,100,1148,648,300,996,500,518,5500,526,500,722,500,504,2000,712,5000,7018,1,4132,1,0,0,2569,0,2249,1000,756,4000,985,6000
1060,BIGFOOT,ビッグフット,25,1471,0,282,171,1,236,258,20,10,1,25,50,1,20,25,10,10,2,2,22,17,300,1192,192,192,948,5500,2289,5,919,5000,740,80,516,1500,518,400,512,0,4074,1,0,0,,,,,,,,
1061,NIGHTMARE,ナイトメア,49,4437,0,1572,1625,1,447,529,0,72,1,74,49,1,64,49,10,10,2,6,68,29,150,1816,816,432,944,5500,510,500,2608,2,603,30,505,100,1261,1,512,0,4127,1,0,0,,,,,,,,
1062,PORING_,ポリン,3,69,0,4,5,1,12,16,0,0,1,14,3,1,12,36,10,10,1,3,26,1,400,1672,672,480,529,2000,530,1000,507,1000,512,1000,2236,100,741,10,512,0,4005,1,0,0,,,,,,,,
1063,LUNATIC,ルナティック,3,60,0,6,2,1,9,12,0,30,1,3,3,1,8,13,10,10,0,2,60,1,200,1456,456,336,705,6500,949,1000,2262,4,1102,70,512,600,515,1100,622,20,4006,15,0,0,,,,,,,,
1064,MEGALODON,メガドロン,24,1584,0,196,120,1,171,204,4,8,1,12,24,1,26,0,10,10,1,1,29,1,200,2492,792,432,959,5500,932,1500,510,80,717,120,719,10,603,2,624,20,4067,2,0,0,,,,,,,,
1065,STROUF,ストラウフ,40,7264,0,1126,684,1,294,347,42,48,1,40,40,1,43,50,10,10,2,5,61,5,150,1872,672,384,951,5500,984,2,2241,2,1461,10,949,3000,720,20,956,1500,4111,1,0,0,,,,,,,,
1066,VADON,バドン,19,924,0,135,85,1,74,85,30,9,1,19,19,1,36,24,10,10,0,5,21,17,300,1632,432,540,991,70,960,5500,910,3000,2313,10,943,100,935,4500,717,50,4049,1,0,0,,,,,,,,
1067,CORNUTUS,カナトウス,23,1620,0,240,149,1,109,131,30,12,1,23,23,1,36,29,10,10,0,5,21,17,200,1248,48,480,991,80,961,5500,911,800,757,10,2106,20,943,1000,717,100,4061,3,0,0,,,,,,,,
1068,HYDRA,ヒドラ,14,660,0,59,40,7,22,28,0,30,1,14,14,1,40,18,10,10,0,3,41,4,1000,800,432,600,1011,25,962,5500,938,1500,971,20,525,5,517,700,512,0,4035,1,0,0,,,,,,,,
1069,SWORD_FISH,ソードフィッシュ,30,3612,0,481,290,1,168,199,24,25,1,30,30,1,42,38,10,10,2,5,41,5,200,1968,768,384,995,30,963,5500,756,5,2257,2,1114,45,1117,45,956,600,4089,1,0,0,,,,,,,,
1070,KUKRE,ククレ,11,570,0,38,28,1,28,37,4,6,1,11,11,1,16,14,10,10,0,5,21,3,150,1776,576,288,991,50,955,5500,910,400,528,500,507,650,928,450,623,20,4027,5,0,0,,,,,,,,
1071,PIRATE_SKEL,パイレーツスケル,25,1765,0,212,129,1,178,211,5,10,1,13,25,1,25,0,10,10,1,1,29,5,200,1754,554,288,932,3000,2287,10,1125,30,2211,200,1104,150,603,2,628,20,4073,1,0,0,,,,,,,,
1072,KAHO,カホ,24,1056,0,261,160,1,143,171,8,20,1,24,24,1,44,24,10,10,1,6,83,5,200,1700,1000,500,994,30,1003,100,953,3000,911,1000,757,10,716,100,970,5,512,0,0,0,,,,,,,,
1073,CRAB,クラブ,3,35,0,0,0,1,1,2,80,0,0,0,0,0,0,0,7,14,0,5,21,1,200,500,500,500,512,0,512,0,512,0,512,0,512,0,512,0,512,0,512,0,0,0,,,,,,,,
1074,SHELLFISH,シェルフィッシュ,3,20,0,0,0,1,1,2,90,0,0,0,0,0,0,0,7,14,0,5,21,0,2000,500,500,500,512,0,512,0,512,0,512,0,512,0,512,0,512,0,512,0,0,0,,,,,,,,
1075,TURTLE,タートル,3,55,0,0,0,1,1,2,75,0,0,0,0,0,0,0,7,14,0,5,22,1,1000,500,500,500,512,0,512,0,512,0,512,0,512,0,512,0,512,0,512,0,0,0,,,,,,,,
1076,SKELETON,スケルトン,10,255,0,18,14,1,39,47,2,4,1,5,10,1,12,0,10,10,1,1,29,17,200,2228,528,576,1010,90,932,800,1505,70,909,3000,507,850,2609,30,512,0,4025,7,0,0,,,,,,,,
1077,POISON_SPORE,ポイズンスポア,19,627,0,169,85,1,89,101,6,6,1,19,19,1,24,19,10,10,1,3,25,5,200,1672,672,288,7033,5500,2221,60,511,550,510,50,972,30,921,1200,512,0,4048,2,0,0,,,,,,,,
1078,RED_PLANT,赤い草,1,10,0,0,0,1,1,2,99,0,0,0,0,0,0,0,7,14,0,3,22,0,2000,1001,1,1,507,5500,712,1000,711,1000,905,500,906,300,914,500,708,50,2269,2,0,0,,,,,,,,
1079,BLUE_PLANT,青い草,1,10,0,0,0,1,1,2,99,0,0,0,0,0,0,0,7,14,0,3,22,0,2000,1001,1,1,510,5500,712,1000,711,1000,905,500,906,300,522,50,514,1000,2270,2,0,0,,,,,,,,
1080,GREEN_PLANT,緑の草,1,10,0,0,0,1,1,2,99,0,0,0,0,0,0,0,7,14,0,3,22,0,2000,1001,1,1,511,7000,712,1000,621,20,905,3000,906,1500,704,50,521,50,2270,2,0,0,,,,,,,,
1081,YELLOW_PLANT,黄色い草,1,10,0,0,0,1,1,2,99,0,0,0,0,0,0,0,7,14,0,3,22,0,2000,1001,1,1,508,5500,712,1000,711,1000,905,500,906,300,707,5,914,500,2269,2,0,0,,,,,,,,
1082,WHITE_PLANT,白い草,1,10,0,0,0,1,1,2,99,0,0,0,0,0,0,0,7,14,0,3,22,0,2000,1001,1,1,509,5500,712,1000,631,20,905,3000,906,1500,521,50,703,50,2269,2,0,0,,,,,,,,
1083,SHINING_PLANT,輝く草,1,20,0,0,0,1,1,2,99,0,0,0,0,0,0,0,7,14,0,3,26,0,2000,1001,1,1,510,5500,508,1000,509,1000,710,5,608,20,518,500,607,50,714,1,0,0,,,,,,,,
1084,BLACK_MUSHROOM,黒いキノコ,1,15,0,0,0,1,1,2,99,0,0,0,0,0,0,0,7,14,0,3,22,0,2000,1001,1,1,970,50,971,50,630,20,949,2000,991,800,921,5500,921,5500,7033,5500,0,0,,,,,,,,
1085,RED_MUSHROOM,赤いキノコ,1,15,0,0,0,1,1,2,99,0,0,0,0,0,0,0,7,14,0,3,22,0,2000,1001,1,1,970,50,972,50,630,20,949,2000,990,1000,921,5500,921,5500,7033,5500,0,0,,,,,,,,
1086,GOLDEN_BUG,黄金蟲,50,8500,0,50,50,1,680,880,90,45,1,85,15,1,55,50,10,10,2,4,43,11,100,768,768,480,510,3000,969,100,2610,200,701,500,928,5000,10016,250,512,0,4128,1,0,0,25,0,985,1000,2246,1000,1524,100
1087,ORK_HERO,オークヒーロー,60,19540,0,9000,2000,1,1800,2250,48,24,1,60,120,1,85,60,10,10,2,7,42,53,150,1678,780,648,968,5500,922,8000,725,500,912,3000,1124,100,984,500,10018,200,4143,1,0,0,4500,0,1366,100,1363,100,985,800
1088,VOCAL,ボーカル,18,2956,0,100,80,1,71,82,12,6,1,28,36,1,53,18,10,10,1,4,22,21,200,1080,648,480,2247,50,940,8000,721,1000,752,1500,912,5500,512,0,532,3000,4021,60,0,0,,,,,,,,
1089,TOAD,トード,10,4870,0,100,50,1,26,32,4,6,1,5,10,1,10,13,10,10,1,5,21,21,200,1236,336,432,2244,50,518,2000,729,1000,746,1500,970,100,512,0,512,0,4014,5,0,0,,,,,,,,
1090,MASTERING,マスターリング,2,2100,0,30,10,1,18,24,15,30,1,2,2,1,17,13,10,10,1,3,21,21,300,1072,672,480,2257,200,619,50,722,1000,741,1500,512,8000,512,8000,531,4000,4001,100,0,0,,,,,,,,
1091,DRAGON_FLY,ドラゴンフライ,8,2000,0,80,40,1,22,27,60,2,1,20,8,1,17,8,10,10,0,4,24,21,100,1076,576,480,2245,200,501,8000,719,1500,742,2000,2607,200,625,50,533,3000,4009,40,0,0,,,,,,,,
1092,VAGABOND_WOLF,さすらい狼,24,10200,0,225,160,1,135,159,30,8,1,45,48,1,50,24,10,10,1,2,22,21,150,1048,648,432,2248,200,920,8000,728,1500,919,5500,517,8000,517,8000,626,50,4029,40,0,0,,,,,,,,
1093,ECLIPSE,イクリプス,6,1500,0,55,50,1,20,26,20,45,1,36,6,1,11,30,10,10,0,2,60,21,200,1456,456,336,2250,200,515,8000,727,1200,746,1500,706,30,622,50,534,5000,4006,70,0,0,,,,,,,,
1094,AMBERNITE,アンバーナイト,13,430,0,52,36,1,39,46,45,6,1,13,13,1,18,17,10,10,2,4,21,17,400,2048,648,648,991,60,946,5500,910,1200,935,3000,943,2,757,1,1002,150,4032,5,0,0,,,,,,,,
1095,ANDRE,アンドレ,17,674,0,109,71,1,60,71,12,6,1,17,34,1,26,17,10,10,0,4,22,11,300,1288,288,384,955,5500,910,1000,938,500,993,40,1001,4,1002,350,512,0,4043,1,0,0,,,,,,,,
1096,ANGELING,エンジェルリング,20,10738,0,148,138,1,108,168,30,75,1,50,20,1,68,80,10,10,1,8,86,21,200,1272,672,672,2254,100,2324,60,610,500,2282,1,504,1000,741,50,714,40,4054,1,0,0,,,,,,,,
1097,ANT_EGG,蟻の卵,4,300,0,5,4,0,1,2,60,30,1,1,1,1,1,1,10,10,0,0,60,0,1000,1001,1,1,1010,320,935,2500,909,2000,938,650,713,2000,1002,200,512,0,4013,2,0,0,,,,,,,,
1098,ANUBIS,アニュビス,55,10130,0,2906,2700,1,688,812,22,44,1,69,55,1,95,110,10,10,1,8,26,21,200,2000,1000,500,2602,5,504,600,2601,5,1007,15,512,0,512,0,512,0,4138,1,0,0,,,,,,,,
1099,ARGIOPE,アルギオペ,41,4296,0,1633,829,1,507,607,32,16,1,41,41,1,56,41,10,10,2,4,25,21,300,1792,792,336,1042,5500,912,1200,985,6,2406,20,511,1500,719,10,512,0,4114,1,0,0,,,,,,,,
1100,ARGOS,アルゴス,25,1176,0,353,171,1,178,211,10,10,1,25,25,1,32,25,10,10,2,4,25,29,300,1468,468,768,1025,5500,911,1200,943,220,1042,500,511,670,508,250,10017,15,4075,2,0,0,,,,,,,,
1101,BAPHOMET_,バフォメットジュニア,50,6354,0,3281,1346,1,570,673,50,30,1,75,50,1,93,25,10,10,0,6,27,21,100,1180,480,120,923,500,984,6,1464,10,607,50,610,100,504,700,512,0,4129,1,0,0,,,,,,,,
1102,BATHORY,バースリー,44,4512,0,2288,940,1,453,537,20,80,1,66,44,1,84,22,10,10,1,7,27,21,100,1540,840,900,1001,200,1061,5500,2252,3,1611,10,1000,30,1006,15,637,20,4119,1,0,0,,,,,,,,
1103,CARAMEL,キャラメル,23,1282,0,240,149,1,109,131,16,8,1,23,46,1,38,23,10,10,0,2,22,17,200,1840,840,756,1027,5500,2310,40,919,5500,1455,40,1405,60,1408,100,512,0,4063,1,0,0,,,,,,,,
1104,COCO,ココ,17,729,0,109,71,1,56,67,12,6,1,17,34,1,24,17,10,10,0,2,22,17,150,1864,864,1008,1026,5500,2502,20,914,3000,919,2500,516,500,512,0,512,0,4041,1,0,0,,,,,,,,
1105,DENIRO,デニーロ,19,784,0,135,85,1,68,79,12,6,1,19,30,1,43,19,10,10,0,4,22,11,150,1288,288,576,955,6000,910,3000,938,1200,990,45,1001,6,512,0,512,0,4043,1,0,0,,,,,,,,
1106,DESERT_WOLF,デザートウルフ,27,1560,0,388,242,1,189,228,10,10,1,27,27,1,56,27,10,10,1,2,23,13,200,1120,420,288,1253,30,7030,5500,2311,1,517,1200,920,2000,512,0,512,0,4082,1,0,0,,,,,,,,
1107,DESERT_WOLF_B,子デザートウルフ,9,160,0,20,16,1,30,36,2,2,1,9,9,1,21,9,10,10,0,2,23,9,300,1600,900,240,1010,85,919,5500,2306,70,517,600,2301,200,512,0,512,0,4023,10,0,0,,,,,,,,
1108,DEVIACE,デビアス,47,11492,0,1914,1208,1,731,891,77,27,1,47,47,1,62,59,10,10,1,5,81,17,400,1680,480,384,995,40,1053,5500,1054,1000,5011,2,971,100,1256,3,756,12,4125,1,0,0,,,,,,,,
1109,DEVIRUCHI,デビルチ,46,5661,0,2735,1162,1,525,628,40,27,1,69,46,1,87,23,10,10,0,6,27,21,150,1300,600,384,1038,5500,1039,400,2255,2,1458,10,1009,5,912,1500,512,0,4122,1,0,0,,,,,,,,
1110,DOKEBI,ドケビ,33,2345,0,1008,414,1,268,320,15,22,1,50,33,1,69,17,10,10,0,6,27,17,250,1156,456,384,1021,5500,985,2,1517,10,1613,1,969,1,1501,500,1005,5,4098,1,0,0,,,,,,,,
1111,DRAINLIAR,ドラインリアー,24,1056,0,392,160,1,74,84,10,12,1,36,24,1,78,12,10,10,0,2,47,29,250,1276,576,384,1011,60,913,8000,725,20,507,1000,7006,5500,7006,1500,512,0,4069,1,0,0,,,,,,,,
1112,DRAKE,ドレイク,55,28920,0,8600,2500,1,1380,1707,40,22,1,28,55,1,135,0,10,10,1,1,29,53,400,620,420,360,932,8500,1127,50,504,2000,985,700,719,500,1125,100,512,0,4137,1,0,0,4300,0,756,4500,5019,500,1135,100
1113,DROPS,ドラップス,3,55,0,4,3,1,10,13,0,0,1,3,3,1,12,3,10,10,1,3,23,3,400,1372,672,480,909,7500,1602,70,938,500,512,1100,713,1700,741,5,620,20,4004,10,0,0,,,,,,,,
1114,DUSTINESS,ダスティネス,21,966,0,198,127,1,100,122,8,8,1,53,21,1,38,21,10,10,0,4,44,17,150,1004,504,384,1057,5500,1058,500,2291,4,928,2000,1001,10,507,1200,512,0,4056,2,0,0,,,,,,,,
1115,EDDGA,エドガ,47,14500,0,6800,1208,1,1190,1318,45,30,1,47,47,1,65,47,10,10,2,2,23,53,300,1344,1344,432,1029,5500,1030,500,2268,100,518,1000,529,1500,1258,10,512,0,4123,1,0,0,6179,0,1133,100,756,3500,985,5500
1116,EGGYRA,エギラ,24,792,0,196,200,1,114,136,0,16,1,36,24,1,32,24,10,10,1,0,48,17,200,1816,816,288,911,1000,5015,20,7032,550,507,1000,643,300,512,0,512,0,4070,1,0,0,,,,,,,,
1117,EVIL_DRUID,イービルドルイド,58,14107,0,2627,1661,1,948,1124,22,70,1,29,58,1,68,0,10,10,2,1,89,21,300,2276,576,336,2217,100,1615,5,2508,10,1551,50,610,200,609,10,509,2000,4141,1,0,0,,,,,,,,
1118,FLORA,フローラ,26,1901,0,357,226,3,292,323,20,10,1,26,52,1,43,26,10,10,2,3,22,4,1000,1432,432,576,1032,5500,2253,3,704,10,521,50,629,20,905,2000,748,1,4080,1,0,0,,,,,,,,
1119,FRILLDORA,フリルドラ,30,1806,0,481,290,1,210,249,12,12,1,30,30,1,53,30,10,10,1,2,23,17,300,1420,720,432,1012,5500,985,3,903,1500,721,15,715,200,501,800,912,120,4088,1,0,0,,,,,,,,
1120,GHOSTRING,ゴーストリング,18,9413,0,92,98,1,54,94,0,75,1,27,18,1,72,0,10,10,1,6,88,21,300,2080,1080,648,1059,5000,2274,100,2336,60,604,500,603,10,714,30,512,0,4047,1,0,0,,,,,,,,
1121,GIEARTH,ガイアス,29,2047,0,450,274,1,162,193,20,45,1,29,58,1,44,29,10,10,0,6,22,17,200,2296,1296,432,997,30,1003,150,1040,5500,2286,1,2227,30,1001,100,512,0,4087,1,0,0,,,,,,,,
1122,GOBLIN_1,ゴブリン長男,25,1176,0,282,171,1,118,140,10,10,1,63,25,1,38,25,10,10,1,7,24,21,100,1120,620,240,998,270,911,1200,757,15,2297,3,1211,30,2104,28,501,800,4060,1,0,0,,,,,,,,
1123,GOBLIN_2,ゴブリン次男,24,1056,0,261,160,1,78,90,8,8,1,24,24,1,66,24,10,10,1,7,23,29,150,1320,620,240,998,250,911,1000,5010,3,1511,30,2104,26,501,550,508,120,4060,1,0,0,,,,,,,,
1124,GOBLIN_3,ゴブリン三男,24,1056,0,327,160,1,171,204,8,8,1,24,24,1,24,24,10,10,1,7,25,13,250,1624,624,240,998,230,911,1000,2275,3,1705,50,2104,24,501,550,508,120,4060,1,0,0,,,,,,,,
1125,GOBLIN_4,ゴブリン四男,23,1282,0,240,149,1,109,131,16,8,1,23,46,1,36,23,10,10,1,7,22,13,200,1624,624,240,993,100,998,170,911,800,2263,3,1508,30,2104,22,501,500,4060,1,0,0,,,,,,,,
1126,GOBLIN_5,ゴブリン五男,22,1992,0,219,138,1,105,127,8,12,1,22,22,1,32,28,10,10,1,7,21,13,300,3074,1874,480,998,150,911,800,1605,60,2104,20,508,100,501,500,508,120,4060,1,0,0,,,,,,,,
1127,HODE,ホード,26,1901,0,357,226,1,146,177,20,10,1,26,52,1,49,26,10,10,1,2,42,1,200,1480,480,720,993,120,1055,5500,757,15,938,3000,1001,30,7021,1,632,20,4081,2,0,0,,,,,,,,
1128,HORN,ホルン,18,646,0,122,78,1,63,74,12,6,1,18,28,1,47,18,10,10,1,4,22,17,200,1528,528,288,993,80,1011,35,947,5500,1452,60,935,5500,943,70,512,0,4045,1,0,0,,,,,,,,
1129,HORONG,ホロン,34,2394,0,715,436,1,275,327,80,65,1,34,34,1,59,34,10,10,0,0,83,13,400,1852,1152,828,953,6500,912,500,2279,5,1752,3000,1752,3000,633,20,970,50,4103,1,0,0,,,,,,,,
1130,JAKK,ザック,38,3285,0,1012,626,1,350,417,14,65,1,38,38,1,75,38,10,10,1,0,43,21,200,1180,480,648,1062,5500,912,900,985,4,2331,15,1008,5,535,1000,512,0,4109,2,0,0,,,,,,,,
1131,JOKER,ジョーカー,57,9291,0,3369,2147,1,621,738,44,45,1,143,57,1,98,57,10,10,2,7,84,21,100,1364,864,432,2409,10,5003,1,912,2000,616,2,641,20,502,1000,1259,1,4139,1,0,0,,,,,,,,
1132,KHALITZBURG,カーリッツバーグ,63,14278,0,3980,2500,1,1890,2246,80,20,1,40,64,1,63,0,10,10,2,1,29,21,400,2700,1000,396,932,8000,985,8,5017,1,2108,15,1004,10,504,1000,1127,2,4136,1,0,0,,,,,,,,
1133,KOBOLD_1,コボルド長男,36,3165,0,898,568,1,265,318,38,14,1,90,36,1,52,36,10,10,1,7,44,13,150,1028,528,360,999,80,1034,5500,912,700,985,4,1220,10,2104,45,512,0,4091,1,0,0,,,,,,,,
1134,KOBOLD_2,コボルド次男,31,2247,0,733,370,1,302,364,12,12,1,31,31,1,36,31,10,10,1,7,45,13,200,1528,528,360,999,70,1034,5500,912,200,2104,39,502,100,2101,150,512,0,4091,1,0,0,,,,,,,,
1135,KOBOLD_3,コボルド三男,31,2247,0,586,370,1,155,185,12,12,1,31,31,1,98,31,10,10,1,7,43,13,300,1228,528,360,990,35,999,60,1034,5500,912,200,1708,20,2104,36,502,100,4091,1,0,0,,,,,,,,
1136,KOBOLD_4,コボルド四男,30,3612,0,481,290,1,168,199,12,18,1,30,30,1,40,38,10,10,1,7,41,13,200,2200,1000,500,999,50,1034,5500,912,100,1355,30,2104,33,502,100,1301,150,4091,1,0,0,,,,,,,,
1137,KOBOLD_5,コボルド五男,30,2258,0,481,290,1,168,199,24,12,1,30,60,1,35,30,10,10,1,7,42,13,200,2000,1000,500,999,40,1034,5500,912,100,1514,30,2104,30,502,100,1501,150,4091,1,0,0,,,,,,,,
1138,MAGNOLIA,白蓮玉,26,3042,0,357,226,1,146,177,10,15,1,26,26,1,39,33,10,10,0,6,21,3,250,1560,360,360,7031,5500,910,800,911,100,912,10,737,20,512,0,512,0,4076,1,0,0,,,,,,,,
1139,MANTIS,マンティス,26,1901,0,357,226,1,146,177,40,10,1,26,52,1,45,26,10,10,1,4,22,29,200,1660,660,432,993,110,1031,5500,911,1400,1213,40,943,250,721,10,501,650,4079,1,0,0,,,,,,,,
1140,MARDUK,マルドゥーク,40,3632,0,1126,684,1,368,435,16,75,1,40,40,1,78,40,10,10,2,7,23,29,300,1540,840,504,994,35,1045,4500,1608,15,2617,1,1614,3,1006,8,642,20,4112,1,0,0,,,,,,,,
1141,MARINA,マリナ,21,1932,0,198,127,1,100,122,8,12,1,21,21,1,36,27,10,10,0,3,41,1,400,2280,1080,864,1052,5000,938,1500,991,75,995,5,717,200,631,20,512,0,4055,1,0,0,,,,,,,,
1142,MARINE_SPHERE,マリンスピアー,28,3198,0,419,258,1,157,188,10,15,1,28,28,1,33,35,10,10,0,3,21,0,800,1201,1,1,1050,5500,1051,500,1520,30,720,10,717,150,10003,10,512,0,4084,3,0,0,,,,,,,,
1143,MARIONETTE,マリオネット,41,3222,0,980,1037,1,338,405,0,32,1,62,41,1,69,41,10,10,0,6,68,29,300,1480,480,1056,1060,5500,2294,2,2605,1,1008,10,1019,300,2407,1,512,0,4113,1,0,0,,,,,,,,
1144,MARSE,マルス,31,4494,0,586,370,1,201,242,12,18,1,31,31,1,52,39,10,10,0,5,41,17,300,1956,756,528,1024,5500,962,3000,717,200,720,10,995,35,1007,5,512,0,4095,2,0,0,,,,,,,,
1145,MARTIN,マーティン,18,990,0,122,78,1,48,59,12,6,1,18,36,1,15,18,10,10,0,2,42,1,300,1480,480,480,1017,6500,1018,500,1251,30,2225,15,5009,1,10010,10,512,0,4046,2,0,0,,,,,,,,
1146,MATYR,マーター,31,2247,0,879,370,1,144,170,15,18,1,47,31,1,64,16,10,10,1,2,27,29,150,432,432,360,2618,10,528,5000,919,5500,732,100,731,10,730,1,512,0,4097,1,0,0,,,,,,,,
1147,MAYA,マヤ,65,24500,0,21000,2999,1,2770,3570,52,50,1,65,130,1,70,65,10,10,2,4,82,53,100,2000,1000,480,10006,250,730,500,984,600,985,600,7020,1,512,0,512,0,4146,1,0,0,10500,0,2234,1000,714,500,1234,100
1148,MEDUSA,メドゥーサ,47,4309,0,1436,1510,1,429,511,35,60,1,71,47,1,48,47,10,10,2,6,48,21,200,2000,1000,500,1047,5500,1048,200,1715,10,1007,10,504,500,512,0,512,0,4124,1,0,0,,,,,,,,
1149,MINOROUS,ミノタウロス,48,5831,0,2005,1254,1,1096,1199,18,18,1,48,48,1,70,48,10,10,2,2,23,53,200,1700,1000,500,941,5500,984,4,1361,10,1005,10,516,1500,512,0,512,0,4126,1,0,0,,,,,,,,
1150,MOONLIGHT,月夜花,51,9000,0,5000,1500,1,540,637,50,65,1,51,35,1,75,51,10,10,1,6,63,53,150,1276,576,288,5008,200,1022,5500,504,1500,728,500,985,600,10008,250,512,0,4131,1,0,0,1250,0,1128,400,714,100,756,4000
1151,MYST,ミスト,38,3285,0,1265,626,1,419,499,14,30,1,38,38,1,53,38,10,10,2,0,25,21,200,1576,576,384,5005,2,1019,1000,10005,10,756,5,757,5,512,0,512,0,4108,2,0,0,,,,,,,,
1152,ORC_SKELETON,オークスケルトン,28,2398,0,315,194,1,235,281,5,10,1,14,28,1,30,0,10,10,1,1,29,5,200,2420,720,648,922,5500,932,3500,757,15,2299,2,1358,30,506,50,512,0,4085,1,0,0,,,,,,,,
1153,ORC_ZOMBIE,オークゾンビ,24,1584,0,196,120,1,171,204,4,8,1,12,24,1,24,0,10,10,1,1,29,5,400,2852,1152,840,1043,5500,938,3000,714,1,512,0,512,0,512,0,512,0,4071,2,0,0,,,,,,,,
1154,PASANA,パサナ,33,2345,0,672,414,1,182,218,12,12,1,33,33,1,96,33,10,10,1,7,43,29,200,1700,1000,500,756,5,1155,25,1116,50,2228,40,503,60,605,100,1004,5,4099,1,0,0,,,,,,,,
1155,PETIT,プティット,44,5640,0,1525,940,1,362,429,52,16,1,44,88,1,79,44,10,10,1,9,22,29,200,1620,620,384,1035,5500,1037,300,984,2,509,1000,1510,150,912,1500,512,0,4118,1,0,0,,,,,,,,
1156,PETIT_,プティット,45,4870,0,1598,977,1,370,437,38,18,1,113,45,1,73,45,10,10,1,9,24,29,150,1580,1080,528,1036,5500,1037,300,984,4,509,1000,602,500,912,1500,512,0,4120,1,0,0,,,,,,,,
1157,PHARAOH,ファラオ,70,22564,0,18000,10000,1,2200,2700,45,75,1,127,70,130,120,140,10,10,1,8,46,53,100,2000,1000,500,2231,50,1552,200,1009,100,730,500,984,1000,985,1000,2327,10,4148,1,0,0,1,0,5002,1000,714,500,1136,100
1158,PHEN,フェン,26,3042,0,357,226,1,108,120,10,15,1,26,26,1,88,33,10,10,1,5,41,17,150,2544,1344,1152,1023,5500,963,2000,720,5,517,1000,951,500,512,0,512,0,4077,1,0,0,,,,,,,,
1159,PHREEONI,フリーオニ,46,18000,0,5400,1000,1,667,817,30,45,1,46,46,1,196,46,10,10,2,2,60,53,200,1020,1020,288,1015,5500,1223,2,1008,50,1014,5000,730,100,512,0,512,0,4121,1,0,0,2700,0,2288,1000,756,3000,985,5000
1160,PIERE,ピエール,18,756,0,122,78,1,64,75,12,6,1,18,36,1,27,18,10,10,0,4,22,11,200,1288,288,576,955,5700,910,1100,938,600,992,15,1001,5,512,0,512,0,4043,1,0,0,,,,,,,,
1161,PLANKTON,プランクトン,10,340,0,23,18,1,26,31,4,6,1,10,10,1,15,13,10,10,0,3,61,1,400,2208,1008,324,1052,5500,910,300,938,700,970,2,713,1000,630,20,512,0,4024,1,0,0,,,,,,,,
1162,RAFFLESIA,ラフレシア,27,1950,0,388,242,1,105,120,20,10,1,27,54,1,76,27,10,10,0,3,22,5,200,3652,2652,1056,1033,5500,911,1600,706,2,708,10,703,10,711,550,509,30,4083,1,0,0,,,,,,,,
1163,RAYDRIC,レイドリック,52,7380,0,3860,1632,1,1302,1426,75,30,1,78,52,1,64,26,10,10,2,7,47,29,150,1480,780,420,985,8,2266,1,2315,10,1158,10,1151,100,1004,10,512,0,4133,1,0,0,,,,,,,,
1164,REQUIEM,レクイエム,35,2617,0,1137,458,1,283,335,18,21,1,53,35,1,60,18,10,10,1,7,27,5,400,1516,816,432,603,35,714,1,512,0,512,0,512,0,512,0,512,0,4104,1,0,0,,,,,,,,
1165,SAND_MAN,サンドマン,34,2993,0,715,436,1,220,261,24,12,1,34,68,1,60,34,10,10,1,0,62,5,250,1720,720,288,997,35,1056,5500,985,2,1003,200,1001,200,1257,1,512,0,4101,1,0,0,,,,,,,,
1166,SAVAGE,サヴィッジ,26,1901,0,357,226,1,146,177,20,10,1,26,52,1,37,26,10,10,2,2,42,17,150,1960,960,384,1028,5500,919,5000,702,2,2276,1,605,10,512,0,512,0,4078,1,0,0,,,,,,,,
1167,SAVAGE_BABE,サベージベベ,7,175,0,14,12,1,20,25,4,2,1,7,14,1,12,7,10,10,0,2,22,1,400,1624,624,576,919,5500,1302,70,517,500,1750,1000,949,850,1010,80,627,20,4017,1,0,0,,,,,,,,
1168,SCORPION_KING,スコーピオンキング,50,6354,0,2187,1346,1,570,673,40,20,1,50,50,1,83,50,10,10,2,7,23,17,200,1700,1000,500,994,45,1046,5500,1005,15,904,5000,943,3000,504,700,512,0,4130,1,0,0,,,,,,,,
1169,SKEL_WORKER,スケルワーカー,30,2709,0,361,218,1,252,298,6,12,1,15,30,1,38,0,10,10,1,1,29,5,400,2420,720,384,998,400,1041,5500,985,2,756,5,5009,2,999,100,1003,200,4092,1,0,0,,,,,,,,
1170,SOHEE,ソヒー,33,4690,0,672,414,1,214,255,20,35,1,33,33,1,48,42,10,10,1,6,21,17,300,2112,912,576,1020,5500,1049,50,2277,1,2504,20,1217,70,501,1000,512,0,4100,1,0,0,,,,,,,,
1171,SOLDIER_ANDRE,兵隊アンドレ,22,1245,0,219,138,1,105,127,20,8,1,22,44,1,40,22,10,10,0,4,42,29,200,1001,1,1,1014,2700,911,800,757,10,1111,30,1001,30,943,150,512,0,4059,1,0,0,,,,,,,,
1172,SOLDIER_DENIRO,兵隊デニーロ,29,2047,0,450,274,1,162,193,20,10,1,29,58,1,54,29,10,10,0,4,42,29,200,2000,1000,500,1014,5500,911,2000,757,15,1111,40,943,270,1001,50,512,0,4059,1,0,0,,,,,,,,
1173,SOLDIER_PIERE,兵隊ピエール,23,1282,0,240,149,1,109,131,20,8,1,23,46,1,38,23,10,10,0,4,42,29,200,1001,1,1,1014,3100,911,800,757,10,1114,30,1001,35,943,200,512,0,4059,1,0,0,,,,,,,,
1174,STAINER,スタイナー,16,561,0,96,64,1,53,64,6,6,1,40,16,1,30,16,10,10,0,4,24,17,200,1688,1188,612,992,60,1011,30,1013,5500,910,2100,935,3000,943,10,1002,300,4039,1,0,0,,,,,,,,
1175,TAROU,タロウ,11,270,0,57,28,1,34,45,5,6,1,20,11,1,24,6,10,10,0,2,27,17,150,1744,1044,684,1016,5500,919,3000,949,800,528,1000,701,1,512,0,512,0,4028,5,0,0,,,,,,,,
1176,VITATA,ビタタ,20,885,0,148,92,1,69,80,16,8,1,20,40,1,40,20,10,10,0,4,22,17,300,1768,768,384,993,90,955,5000,911,200,518,250,518,250,518,250,518,250,4053,1,0,0,,,,,,,,
1177,ZENORC,ゼノーク,31,2247,0,879,370,1,168,188,15,18,1,67,15,1,84,8,10,10,1,7,27,3,150,1180,480,360,1044,5500,756,5,938,2500,1006,5,503,50,640,20,512,0,4096,1,0,0,,,,,,,,
1178,ZEROM,ゼロム,23,1026,0,240,149,1,137,165,8,8,1,23,23,1,42,23,10,10,1,7,23,5,200,1780,1080,432,1011,55,998,190,2339,200,2265,3,2408,10,1002,300,1002,300,4064,1,0,0,,,,,,,,
1179,WHISPER,ウィスパー,34,1796,0,537,545,1,220,261,0,45,1,51,34,1,60,34,10,10,0,6,68,29,150,1960,960,504,1001,150,1059,5500,2282,1,2333,20,512,0,512,0,512,0,4102,1,0,0,,,,,,,,
1180,NINE_TAIL,九尾の狐,51,7281,0,1500,550,1,639,763,40,10,1,80,51,1,89,51,10,10,1,2,63,21,150,840,540,480,1022,5500,919,7000,603,100,604,100,512,0,512,0,512,0,512,0,0,0,,,,,,,,
1181,ZOMBIE_DRAGON,ドラゴンゾンビ,1,1000,0,45000,15000,9,17,19,10,1,1,1,1,1,99,0,10,10,2,9,89,53,400,2700,1000,500,512,0,512,0,512,0,512,0,512,0,512,0,512,0,512,0,0,0,,,,,,,,
1182,THIEF_MUSHROOM,マッシュルーム,1,15,0,0,0,1,1,2,99,0,0,0,0,0,0,0,7,14,0,3,22,0,2000,1001,1,1,1069,1500,1070,3000,512,0,512,0,512,0,512,0,512,0,512,0,0,0,,,,,,,,
1183,CHONCHON_,チョンチョン_,4,75,0,5,4,1,10,13,0,0,1,10,4,1,12,4,10,10,0,4,24,5,200,1076,576,480,998,50,935,5500,909,1500,1205,70,601,100,742,5,512,0,4009,5,0,0,,,,,,,,
1184,FABRE_,ファブル_,1,30,0,1,0,1,4,7,0,0,1,2,1,1,4,2,10,10,0,4,22,5,400,1672,672,480,914,2000,949,250,1502,30,721,2,511,350,705,500,1501,50,4002,0,0,0,,,,,,,,
1185,WHISPER_,ウィスパー_,34,1796,0,537,545,1,220,261,0,45,1,51,34,1,60,34,10,10,0,1,28,4,150,1960,960,504,1001,10,1059,100,2282,0,2333,1,512,0,512,0,512,0,4102,0,0,0,,,,,,,,
1186,WHISPER_BOSS,ゴッドウィスパー,34,5040,0,537,545,1,252,293,0,45,1,51,34,1,60,34,10,10,0,6,48,21,250,2536,1536,672,1001,150,1059,5500,2282,1,2333,20,512,0,512,0,512,0,4102,1,0,0,,,,,,,,
1187,SWITCH,スウィッチ,1,1,0,1,1,1,1,2,1,0,1,1,1,1,1,1,1,1,1,0,20,0,1,1001,1,1,512,0,512,0,512,0,512,0,512,0,512,0,512,0,512,0,0,0,,,,,,,,
1188,BON_GUN,ボンゴン,32,3200,0,386,220,1,270,310,10,5,1,15,36,47,40,0,10,10,1,1,29,13,200,1500,500,420,1094,5500,7014,40,618,60,2337,2,609,25,508,1200,512,0,512,0,0,0,,,,,,,,
1189,ORC_ARCHER,オークアーチャー,49,6200,0,1572,1625,9,420,500,30,16,1,52,62,20,135,47,10,10,1,7,22,13,300,1620,620,480,1063,5500,1753,1000,1756,2500,1755,2500,1716,2,501,1400,509,900,512,0,0,0,,,,,,,,
1190,ORC_LORD,オークロード,80,32000,0,25600,13000,1,2960,3580,40,65,1,79,168,65,125,30,10,10,2,7,82,13,100,1500,500,360,968,5500,5007,2,2601,100,984,500,985,400,512,0,512,0,512,0,0,0,12800,0,2607,1000,714,500,512,1
1191,MIMIC,ミミック,51,5100,0,150,150,1,350,1500,30,65,1,121,1,60,75,75,10,10,1,0,60,13,100,1500,500,288,617,5,603,45,1065,1200,611,3000,714,3,2626,1,512,0,512,0,0,0,,,,,,,,
1192,WRAITH,レイス,53,9999,0,1999,999,1,678,828,15,70,1,95,30,25,78,0,10,10,2,1,89,13,300,2276,576,240,1059,6500,2206,25,2506,10,716,650,602,1300,512,0,512,0,512,0,0,0,,,,,,,,
1193,ALARM,アラーム,58,8872,0,3624,2240,1,530,650,35,35,1,72,55,10,85,55,10,10,1,0,60,13,300,1500,500,768,1095,5500,2607,20,7005,1500,611,1300,984,9,7026,16,7027,33,512,0,0,0,,,,,,,,
1194,ARCLOUSE,アクラウス,59,4500,0,152,872,1,570,640,45,35,1,75,1,5,75,25,10,10,1,4,42,13,100,1500,500,480,1096,3500,938,3000,943,800,912,450,716,300,997,20,512,0,512,0,0,0,,,,,,,,
1195,RIDEWORD,ライドワード,59,10580,0,1825,2824,1,380,500,15,55,1,67,25,75,145,48,10,10,0,0,60,13,150,1500,500,192,1097,5500,1553,4,1554,4,1555,3,1556,2,7015,300,1006,20,512,0,0,0,,,,,,,,
1196,SKEL_PRISONER,スケルプリゾナー,52,9356,0,2242,1420,1,760,1000,14,15,1,20,46,1,62,0,10,10,1,1,69,13,400,1500,500,576,1098,5500,7016,100,2320,1,716,600,930,3500,2408,35,512,0,512,0,0,0,,,,,,,,
1197,ZOMBIE_PRISONER,ゾンビプリゾナー,53,10444,0,2396,1567,1,810,960,18,15,1,24,49,1,72,0,10,10,1,1,69,13,400,1500,500,192,1099,5500,7016,105,2266,1,716,600,930,3500,2408,39,512,0,512,0,0,0,,,,,,,,
1198,DARK_PRIEST,ダークプリースト,59,8400,0,3320,2974,1,298,370,45,75,1,54,38,95,82,32,10,10,1,7,87,13,200,1500,500,1000,1557,2,2608,30,505,100,716,450,1009,50,512,0,512,0,512,0,0,0,,,,,,,,
1199,PUNK,ファンク,43,3620,0,1545,939,1,162,235,0,30,1,105,5,5,65,75,10,10,0,3,24,13,300,1500,500,1000,7001,5500,715,800,1001,300,1061,1000,1057,3000,601,1100,10004,10,512,0,0,0,,,,,,,,
1200,ZHERLTHSH,ジルタス,56,18300,0,3280,2095,1,1428,1755,50,5,1,32,74,10,58,15,10,10,2,7,60,13,200,1500,500,1000,1015,4000,7017,2,504,800,2319,1,613,100,984,6,512,0,512,0,0,0,,,,,,,,
1201,RYBIO,リヴィオ,57,12600,0,3520,2143,1,725,910,23,25,1,74,42,39,124,32,10,10,1,7,60,13,200,1500,500,1000,1015,4000,7017,3,504,800,731,30,1008,10,984,6,512,0,512,0,0,0,,,,,,,,
1202,PHENDARK,フェンダーク,58,9200,0,3854,2320,1,897,1120,36,40,1,108,50,58,85,55,10,10,1,7,60,13,200,1500,500,1000,1015,4000,7017,4,504,800,2334,1,984,6,512,0,512,0,512,0,0,0,,,,,,,,
1203,MYSTELTAINN,ミスリルテイン,78,21000,0,5870,4690,2,1750,2200,75,65,1,139,80,99,159,99,10,10,2,0,87,45,250,1500,500,240,7019,1,1117,250,1152,180,1155,90,1163,10,999,120,984,12,512,0,0,0,,,,,,,,
1204,TIRFING,オーガトゥース,71,17500,0,4920,3850,1,1420,1670,60,80,1,97,60,77,127,77,10,10,1,0,67,13,100,1500,500,240,7022,1,638,20,1211,240,1214,130,1217,65,999,120,984,10,512,0,0,0,,,,,,,,
1205,EXECUTIONER,エクセキューショナー,65,14000,0,4300,3215,2,1140,1290,40,45,1,85,40,55,105,55,10,10,2,0,47,45,200,1500,500,384,912,1000,999,500,984,30,510,300,1169,20,7017,60,1115,600,1156,300,0,0,,,,,,,,
1206,ANOLIAN,アノリアン,63,15800,0,3980,2890,1,790,940,35,25,1,43,58,35,97,69,10,10,1,5,41,13,200,1500,500,864,7003,5500,1754,2000,504,650,10019,10,938,7000,2625,1,528,1200,512,0,0,0,,,,,,,,
1207,STING,スティング,61,9500,0,3710,2700,1,820,1002,5,15,1,45,65,5,115,15,10,10,1,0,62,13,400,1500,500,240,7004,5500,1756,1500,2624,1,1003,130,997,25,10007,10,512,0,512,0,0,0,,,,,,,,
1208,WANDER_MAN,うろつく者,75,9000,0,5260,4300,2,1550,1833,15,35,1,192,38,55,127,24,10,10,1,6,24,45,100,1500,500,192,7005,5500,616,1,1164,1,2270,5,610,650,984,15,512,0,512,0,0,0,,,,,,,,
1209,CRAMP,クランプ,56,5200,0,2491,1726,1,480,601,10,15,1,85,35,25,65,15,10,10,0,2,45,13,100,1500,500,1000,7007,5500,528,1000,726,80,746,110,972,50,510,70,512,0,4028,2,0,0,,,,,,,,
1210,FILAMENTOUS,フィラメント,51,4870,0,1926,1353,1,425,525,60,20,1,35,55,5,83,28,10,10,1,4,23,13,200,1500,500,1000,7008,5500,947,8000,943,4000,993,200,1452,40,757,18,509,1600,4045,2,0,0,,,,,,,,
1211,BRILIGHT,ブリライト,46,4120,0,1660,1210,1,278,363,65,20,1,90,20,10,50,30,10,10,0,4,23,13,200,1500,500,1000,7009,5500,992,200,912,1200,602,1000,757,15,610,250,509,1600,4039,2,0,0,,,,,,,,
1212,IRON_FIST,アイアンフィスト,47,3015,0,1435,1520,1,375,535,80,5,1,25,20,10,81,38,10,10,1,4,60,13,200,1500,500,1000,7010,5500,985,9,757,22,1002,750,999,180,998,300,512,0,4068,2,0,0,,,,,,,,
1213,HIGH_ORC,ハイオーク,52,4300,0,2128,1490,1,468,646,45,25,1,46,82,35,82,25,10,10,2,7,43,13,150,1500,500,1000,7002,2500,1304,10,999,90,931,7500,912,1300,756,15,502,900,4066,1,0,0,,,,,,,,
1214,CHOCO,チョコ,43,3720,0,750,1150,1,235,322,20,10,1,68,55,45,65,55,10,10,0,2,23,13,200,1500,500,1000,7011,5500,942,7000,508,1900,513,5000,634,20,532,1000,607,25,4051,2,0,0,,,,,,,,
1215,STEM_WORM,ステムワーム,40,4720,0,1320,854,2,230,305,35,10,1,30,25,30,79,25,10,10,1,3,24,13,200,1500,500,1000,7012,5500,509,1800,906,7000,912,1200,997,5,1455,30,608,45,4034,5,0,0,,,,,,,,
1216,PENOMENA,ペノメナ,57,9266,0,2870,2200,7,360,468,5,5,1,5,45,15,136,5,10,10,1,5,25,13,400,1500,500,600,7013,5500,962,8000,938,7000,525,200,719,15,1258,1,716,550,4035,1,0,0,,,,,,,,
1219,KNIGHT_OF_ABYSS,深淵の騎士,80,27800,0,7699,5698,1,2450,2918,85,65,3,88,70,1,126,45,10,10,2,7,87,45,300,1500,500,1000,1064,5500,7023,1,2318,1,1410,25,714,3,985,20,512,0,512,0,0,0,,,,,,,,
1220,M_DESERT_WOLF,デザートウルフ_,27,1560,0,388,242,1,189,228,10,10,1,27,27,1,56,27,10,10,1,2,23,13,200,1120,420,288,1253,35,919,5500,2311,2,517,1300,920,2500,512,0,512,0,4082,1,0,0,,,,,,,,
1221,M_SAVAGE,サヴィッジ_,26,1901,0,357,226,1,146,177,20,10,1,26,52,1,37,26,10,10,2,2,42,13,150,1960,960,384,1028,6000,919,5500,702,3,2276,2,605,15,512,0,512,0,4078,1,0,0,,,,,,,,
1222,L_HIGH_ORC,ハイオーク_,52,4300,0,2128,1490,1,468,646,45,25,1,46,82,35,82,25,10,10,2,7,43,13,200,1500,500,1000,7002,2500,1304,10,999,120,931,8000,912,1600,756,20,502,1100,4066,1,0,0,,,,,,,,
1223,L_ORC,オークウォーリヤー_,24,1320,0,261,160,1,114,136,16,8,1,24,48,1,34,24,10,10,1,7,22,13,200,1864,864,288,998,230,931,6000,757,15,2267,4,1352,45,1304,8,1354,70,4066,1,0,0,,,,,,,,
1224,L_POISON_SPORE,ポイズンスポア_,19,627,0,169,85,1,89,101,6,6,1,19,19,1,24,19,10,10,1,3,25,13,200,1672,672,288,921,8000,2221,70,511,650,510,55,972,35,512,0,512,0,4048,2,0,0,,,,,,,,
1225,L_CHOCO,チョコ_,43,3720,0,750,1150,1,235,322,20,10,1,68,55,45,65,55,10,10,0,2,23,13,200,1500,500,1000,7011,5500,942,7000,508,1900,513,5000,2311,2,532,1000,607,25,4051,2,0,0,,,,,,,,
1226,L_KOBOLD,コボルド_,36,3165,0,898,568,1,265,318,38,14,1,90,36,1,52,36,10,10,1,7,44,13,200,1028,528,360,999,90,1034,6000,912,750,985,5,1220,13,2104,35,512,0,4091,1,0,0,,,,,,,,
1227,L_GOBLIN,ゴブリン_,25,1176,0,282,171,1,118,140,10,10,1,63,25,1,38,25,10,10,1,7,24,13,100,1120,620,240,998,280,911,1300,757,17,2297,4,1211,34,2104,18,501,850,4060,1,0,0,,,,,,,,
1228,L_PHEN,フェン_,26,3042,0,357,226,1,108,120,10,15,1,26,26,1,88,33,10,10,1,5,41,13,150,2544,1344,1152,1023,6000,963,2300,720,8,517,1100,951,550,512,0,512,0,4077,1,0,0,,,,,,,,
1229,META_FABRE,ファブル_,2,63,0,3,2,1,8,11,0,0,1,2,4,1,7,2,10,10,0,4,22,13,400,1672,672,480,914,6500,949,600,1502,65,721,8,511,750,705,1500,1501,150,4002,15,0,0,,,,,,,,
1230,META_PUPA,プパ_,2,450,0,2,4,0,1,2,15,0,1,1,1,1,1,1,10,10,0,4,22,13,1000,1001,1,1,1010,300,915,6000,938,700,2102,30,935,1300,938,700,1002,300,4003,7,0,0,,,,,,,,
1231,META_CREAMY,クリーミー_,16,561,0,96,64,1,53,64,6,30,1,40,16,1,16,24,10,10,0,4,24,13,200,1220,720,288,924,6000,2322,70,518,180,602,200,2207,4,712,800,512,0,4040,3,0,0,,,,,,,,
1232,META_PECOPECO_EGG,ペコペコの卵_,3,300,0,4,4,0,1,2,60,0,1,1,1,1,1,1,10,10,0,0,60,13,1000,1001,1,1,1010,120,935,1500,2102,25,501,450,501,450,713,2000,736,15,4007,2,0,0,,,,,,,,
1233,CONCEIVE_PECOPECO,ペコペコ_,13,510,0,85,36,1,35,46,4,4,1,13,13,1,27,13,10,10,2,2,23,13,200,1564,864,576,925,6000,2402,35,508,55,507,950,1604,150,512,0,512,0,4031,3,0,0,,,,,,,,
1234,PROVOKE_YOYO,ヨーヨー_,19,784,0,135,85,1,71,82,12,6,1,24,30,1,32,19,10,10,0,2,22,15,200,1054,54,384,942,6000,513,2000,508,130,919,5500,753,7,512,0,512,0,4051,1,0,0,,,,,,,,
1235,SMOKING_ORC,スモーキングオーク,24,1320,0,261,160,1,114,136,16,8,1,24,48,1,34,24,10,10,1,7,22,13,200,1864,864,288,998,230,931,6000,757,14,2267,4,1352,45,1304,7,1354,70,4066,1,0,0,,,,,,,,
1236,META_ANT_EGG,アンドレの卵_,4,300,0,5,4,0,1,2,60,30,1,1,1,1,1,1,10,10,0,0,60,13,1000,1001,1,1,1010,135,935,2740,909,3000,938,750,713,2000,1002,220,512,0,4013,2,0,0,,,,,,,,
1237,META_ANDRE,アンドレ_,17,674,0,109,71,1,60,71,12,6,1,17,34,1,26,17,10,10,0,4,22,15,300,1288,288,576,955,6000,910,3000,938,1000,935,3000,1001,6,1002,350,512,0,4043,1,0,0,,,,,,,,
1238,META_PIERE,ピエール_,18,756,0,122,78,1,64,75,12,6,1,18,36,1,27,18,10,10,0,4,22,15,200,1288,288,576,955,6400,910,3500,938,1100,935,3200,1001,7,1002,400,512,0,4043,1,0,0,,,,,,,,
1239,META_DENIRO,デニーロ_,19,784,0,135,85,1,68,79,12,6,1,19,30,1,43,19,10,10,0,4,22,15,150,1288,288,576,955,6000,910,1300,938,700,993,100,1001,8,1002,450,512,0,4043,1,0,0,,,,,,,,
1240,META_PICKY,ピッキ_,3,80,0,4,3,1,9,12,0,0,1,3,3,1,10,3,10,10,0,2,23,13,200,988,288,168,916,6500,949,850,2302,80,507,650,519,350,715,60,512,0,4008,2,0,0,,,,,,,,
1241,META_PICKY_,すごいピッキ_,4,75,0,5,4,1,8,11,30,0,1,3,3,1,11,3,10,10,0,2,23,13,200,988,288,168,916,6500,949,850,5015,7,507,750,519,350,715,60,512,0,4011,10,0,0,,,,,,,,
1242,MARIN,マーリン,15,720,0,66,44,1,39,43,3,30,1,10,10,1,35,18,10,10,1,3,41,1,400,1000,672,480,910,3200,938,1500,991,60,720,40,510,75,529,350,512,0,4001,10,0,0,,,,,,,,
1243,SASQUATCH,サスカッチ,30,2750,0,481,290,1,280,310,20,5,1,25,70,1,26,20,10,10,2,2,60,21,300,3000,192,192,912,750,509,800,949,1000,2289,7,948,5000,727,30,504,150,4074,1,0,0,,,,,,,,
1244,JAKK_XMAS,クリスマスザック,38,3285,0,1012,626,1,350,417,14,65,1,38,38,1,75,38,10,10,1,0,43,21,200,1000,480,648,1062,5500,912,900,985,4,2331,15,1008,5,535,1000,2236,70,4109,2,0,0,,,,,,,,
1245,GOBLINE_XMAS,クリスマスゴブリン,25,1176,0,282,171,1,118,140,10,10,1,63,25,1,38,25,10,10,1,7,24,21,100,3000,620,240,998,270,911,1200,757,15,2297,3,1211,30,2104,28,2236,40,4060,1,0,0,,,,,,,,
1246,COOKIE_XMAS,クリスマスクッキー,28,1900,0,419,258,1,210,240,10,30,1,24,30,1,45,65,10,10,0,7,46,1,400,3000,1248,240,538,1500,722,45,912,450,2502,35,2501,125,507,1100,501,250,512,0,0,0,,,,,,,,
1247,ANTONIO,アンソニ,10,10,0,3,2,1,13,20,0,0,1,1,1,1,100,100,10,10,1,3,66,1,100,100,720,432,7034,10000,644,200,538,1500,539,1000,529,5500,530,5500,2236,250,512,0,0,0,,,,,,,,
1248,CRUISER,クルーザー,35,2350,0,1100,450,7,295,360,25,15,1,30,20,1,85,15,10,10,1,0,60,21,400,3000,1296,432,1098,900,2251,2,998,320,996,5,911,3500,719,35,512,100,512,0,0,0,,,,,,,,
1249,MYSTCASE,ミストケース,38,3000,0,1012,626,1,180,380,20,65,1,50,25,1,65,60,10,10,1,0,60,1,400,3000,1248,432,1019,2000,912,1500,603,10,539,800,722,100,512,0,512,100,512,0,0,0,,,,,,,,
1250,CHEPET,チェペット,42,4500,0,1380,860,1,360,420,10,30,1,82,60,1,75,55,10,10,1,7,23,21,400,3000,672,288,7035,1000,912,750,512,5500,619,40,10019,5,502,300,2508,5,512,0,0,0,,,,,,,,
1251,KNIGHT_OF_WINDSTORM,ストームナイト,82,32000,0,9500,6400,2,1950,2322,45,75,1,210,85,100,145,50,10,10,2,0,84,53,400,1000,468,288,720,4500,726,4500,721,4500,984,1000,2621,2,985,500,1468,1,512,100,0,0,,,,,,,,
1252,GARM,ハティ,73,24760,0,5000,4000,2,1250,1466,73,50,1,175,65,65,115,25,10,10,2,2,81,21,400,1000,408,336,1063,10000,7036,1000,1256,30,2622,1,984,100,726,300,505,800,512,100,0,0,,,,,,,,
1253,GARGOYLE,ガーゴイル,48,3950,0,1800,1800,9,420,600,44,41,1,60,44,41,100,21,10,10,1,6,64,5,250,1500,700,600,1038,4000,1039,400,2255,100,757,500,1009,50,912,1500,1557,60,2625,200,0,0,,,,,,,,
1254,RAGGLER,レグーロ,21,1150,0,282,171,1,118,140,10,10,1,63,28,1,38,25,10,10,1,7,24,5,200,1500,620,240,916,4000,501,500,992,30,2225,300,757,300,625,500,512,0,512,0,0,0,,,,,,,,
1255,NERAID,ネレイド,40,4120,0,1350,821,1,620,830,50,35,1,42,67,1,65,21,10,10,1,2,22,1,200,1500,481,480,993,120,1055,4000,985,500,632,500,1001,30,1000,5,7021,100,1257,500,0,0,,,,,,,,
1256,PEST,ペスト,40,3240,0,1352,825,1,670,950,22,16,1,45,22,1,60,25,10,10,0,2,47,1,200,1500,480,480,508,320,716,400,756,500,632,50,1055,1000,1000,5,525,600,702,300,0,0,,,,,,,,
1257,INJUSTICE,インジャスティス,51,7600,0,1926,1353,1,580,820,60,29,1,55,60,1,95,28,10,10,1,1,47,5,200,1500,526,482,1558,100,609,1000,1223,400,1097,500,756,300,7014,50,1814,500,1255,300,0,0,,,,,,,,
1258,GOBLIN_ARCHER,ゴブリンアーチャー,28,1750,0,480,310,9,180,223,20,25,1,35,20,1,95,10,10,10,0,7,25,5,200,1500,672,480,998,230,911,1000,2275,3,1705,50,2104,24,501,550,508,120,4060,10,0,0,,,,,,,,
1259,GRYPHON,グリフォン,72,27800,0,7235,5864,2,1200,1500,85,104,1,168,85,80,102,35,10,10,2,2,84,5,250,1500,496,382,1232,450,1259,300,714,8,2317,25,1414,800,7008,500,1813,500,2620,300,0,0,,,,,,,,
1260,DARK_FRAME,ダークフレーム,59,7500,0,3320,2974,1,880,1160,42,66,1,54,42,66,82,32,10,10,1,6,67,1,250,1500,476,520,734,350,1056,4000,985,200,1003,200,1001,200,1261,250,616,300,512,0,0,0,,,,,,,,
1261,WILD_ROSE,ワイルドローズ,38,2980,0,1251,849,1,450,630,15,42,1,68,15,1,48,23,10,10,0,2,24,1,200,1500,572,486,624,500,2244,400,2504,400,517,650,528,1050,919,4000,508,1000,501,500,0,0,,,,,,,,
1262,MUTANT_DRAGON,ミュータントドラゴン,65,42600,0,219,138,1,4100,5300,20,25,1,71,30,1,75,22,10,10,2,9,43,5,200,1500,750,750,1036,4000,1037,300,756,4,1035,1000,504,800,912,1500,1260,350,2627,600,0,0,,,,,,,,
1263,WIND_GHOST,ウィンドゴースト,51,4820,0,2128,1490,1,620,870,35,65,1,105,30,55,70,25,10,10,1,5,64,5,200,1500,376,550,7005,1000,1615,300,2508,10,996,500,610,200,609,10,509,2000,628,300,0,0,,,,,,,,
1264,MERMAN,マーマン,53,12300,0,2965,2037,2,710,930,42,43,1,65,58,1,88,17,10,10,1,7,41,5,200,1500,288,576,995,45,1053,4000,1054,200,1368,300,720,800,985,500,756,500,995,400,0,0,,,,,,,,
1265,COOKIE,クッキー,25,950,0,282,175,1,300,395,20,45,1,60,20,10,46,18,10,10,0,7,40,1,300,1500,400,576,1098,3500,507,4000,501,2000,506,500,2502,400,912,800,722,50,10019,10,0,0,,,,,,,,
1267,CARAT,キャラット,51,5200,0,2150,1530,1,520,730,47,27,1,60,45,27,75,38,10,10,0,8,44,1,350,1500,288,578,512,3500,507,2000,504,600,2409,300,5003,100,912,800,722,50,536,500,0,0,,,,,,,,
1268,BLOODY_KNIGHT,ブラッディナイト,82,57870,0,7699,5698,2,1950,2370,82,72,1,100,72,70,99,38,10,10,2,0,87,53,450,1500,850,600,2106,15,984,200,7023,800,2317,25,1064,1000,7024,500,985,200,1139,100,0,0,,,,,,,,
1269,CLOCK,クロック,60,11050,0,3250,2680,1,850,1150,50,50,1,72,50,50,69,28,10,10,1,0,42,1,400,1500,550,780,7005,2000,1095,3000,611,4000,984,500,7026,500,7026,500,2607,50,985,200,0,0,,,,,,,,
1270,C_TOWER_MANAGER,時計台管理人,63,18600,0,4100,2680,1,750,950,70,75,1,85,70,75,88,20,10,10,2,0,40,1,400,1500,480,650,999,400,1095,3000,611,4000,984,500,7026,500,7026,500,2506,50,512,0,0,0,,,,,,,,
1271,ALLIGATOR,アリゲータ,56,18300,0,3280,2095,1,1428,1755,50,5,1,32,74,10,58,15,10,10,2,7,60,1,200,1500,500,1000,528,5000,938,4500,912,2000,716,650,7003,4000,1099,1000,608,60,756,500,0,0,,,,,,,,
1272,DARK_LORD,ダークロード,80,88000,0,28600,13506,2,3200,4300,68,120,1,125,68,100,125,38,10,10,2,6,89,53,300,1500,672,680,617,550,985,8,5017,3,1615,250,7005,3500,504,1000,1527,500,2318,800,0,0,,,,,,,,
1273,ORC_LADY,オークレディ,31,2000,0,680,385,1,263,349,20,16,1,30,53,1,44,26,10,10,1,7,42,5,200,1500,960,384,998,210,931,4000,757,10,508,2500,1362,300,1304,5,1354,70,756,600,0,0,,,,,,,,
1274,MEGALITH,メガリス,45,5300,0,1836,1162,1,760,1080,70,35,1,35,70,1,65,22,10,10,2,0,40,5,300,1500,816,240,756,500,953,1500,510,80,717,120,617,200,603,200,985,200,757,600,0,0,,,,,,,,
1275,ALICE,アリス,62,10000,0,3980,2890,1,420,520,55,76,1,65,55,35,70,35,10,10,1,7,40,1,200,1500,300,550,2622,50,503,600,637,500,10015,300,713,1000,2607,50,512,0,512,0,0,0,,,,,,,,
1276,RAYDRIC_ARCHER,レイドリックアーチャー,52,5250,0,3158,2263,9,750,1010,22,16,1,65,22,1,145,30,10,10,1,6,47,5,200,1500,672,560,985,8,1720,300,2315,30,1753,2000,1754,1500,1755,1500,1756,1500,1716,300,0,0,,,,,,,,
1277,GREATEST_GENERAL,天下大将軍,40,3632,0,1350,780,3,480,640,65,70,1,48,65,1,55,13,10,10,2,0,63,1,1000,1500,432,576,999,500,953,4000,911,1200,757,500,1019,250,717,200,609,800,2272,300,0,0,,,,,,,,
1278,STALACTIC_GOLEM,スタラクティクゴーレム,60,18700,0,4520,2871,1,1200,1500,80,47,1,45,88,30,90,30,10,10,2,0,40,1,400,1500,486,768,999,500,953,4000,7004,1800,757,600,1000,500,715,200,1001,800,1257,300,0,0,,,,,,,,
1279,TRI_JOINT,トライジョイント,32,2300,0,386,220,1,260,355,34,27,1,44,34,1,60,10,10,10,1,4,22,11,200,1500,288,768,993,120,943,2000,757,15,704,500,1001,30,1000,5,706,100,508,800,0,0,,,,,,,,
1280,STEAM_GOBLIN,スチームゴブリン,35,2492,0,768,450,1,310,415,32,25,1,34,32,1,60,19,10,10,1,7,44,5,170,1500,576,576,998,230,911,1000,2275,3,1705,50,2104,24,501,550,508,120,4060,10,0,0,,,,,,,,
1281,SAGEWORM,セージワーム,43,3850,0,1050,1200,1,150,250,47,0,20,1,1,1,1,1,10,10,0,0,40,5,200,1500,800,600,512,0,512,0,512,0,512,0,512,0,512,0,512,0,512,0,,,,,,,,,,
1282,KOBOLD_ARCHER,コボルドアーチャー,33,2526,0,845,581,9,360,470,15,37,1,55,15,1,110,27,10,10,0,7,23,5,300,1500,768,720,1755,2550,999,60,1034,4000,912,200,1719,500,2104,36,502,100,4091,10,0,0,,,,,,,,
1283,CHIMERA,キメラ,70,32600,0,6250,3890,1,1600,2050,75,60,1,110,126,60,105,55,10,10,2,2,63,5,350,1500,210,680,936,4000,2233,200,2623,80,733,550,732,220,954,1000,731,150,1140,80,0,0,,,,,,,,
